[atmosphere]
dx = 5000.0
dy = 5000.0
nx = 10
ny = 10
nz = 20
z_coords = 0, 500, 1000, 1500, 2000, 2500, 3000, 3500, 4000, 4500, 5000, 5500, 6000, 6500, 7000, 7500, 8000, 8500, 9000, 9500

[distributions]
air_dist_path = ./air_dist.mat
aerosols_dist_path = ./aerosols_dist.mat

[particle]
name = spherical_nonabsorbing_2.80
phase = HG

[cameras]
resolution = 32, 32
type = linear
cameras_num = 12
y = 12744.1, 13575.9, 13013.8, 12724.4, 24618.3, 25729.5, 24687.9, 26958.9, 39818.3, 36917.2, 38958.6, 37644.5
x = 10340.2, 22128, 27855.2, 37935.6, 7601.09, 21663.1, 31390.8, 41850.1, 12393.1, 21495.8, 29807.4, 41402.6
z = 29.5686, 159.98, 35.8383, 236.167, 130.462, 103.665, 66.1389, 193.558, 114.038, 142.108, 4.69745, 154.409

[sun]
angle_phi = 0
angle_theta = 0.785398163397
intensities = 255, 236, 224
wavelengths = 0.672, 0.558, 0.446