[atmosphere]
dx = 8.0
dy = 10.0
nx = 7
ny = 5
nz = 4
z_coords = 0, 3, 6, 9

[distributions]
air_dist_path = ./air_dist.mat
aerosols_dist_path = ./aerosols_dist.mat

[particle]
name = spherical_nonabsorbing_2.80
phase = HG

[cameras]
resolution = 32, 32
type = linear
cameras_num = 12
y = 12.9881, 14.6519, 13.5276, 12.9488, 24.2365, 26.4589, 24.3759, 28.9177, 42.1366, 36.3344, 40.4173, 37.7889
x = 10.2041, 21.2768, 28.7131, 38.7614, 8.56066, 20.9979, 30.8345, 41.11, 11.4359, 20.8975, 29.8844, 40.8416
z = 0.177412, 0.959882, 0.21503, 1.417, 0.782772, 0.621993, 0.396833, 1.16135, 0.684225, 0.852651, 0.0281847, 0.926453

[sun]
angle_phi = 0
angle_theta = -0.785398163397
intensities = 255, 236, 224
wavelengths = 0.672, 0.558, 0.446