[atmosphere]
dx = 5.0
dy = 5.0
nx = 10
ny = 10
nz = 10
z_coords = 0, 1, 2, 3, 4, 5, 6, 7, 8, 9

[distributions]
air_dist_path = ./air_dist.mat
aerosols_dist_path = ./aerosols_dist.mat

[particle]
name = spherical_nonabsorbing_2.80
phase = HG

[cameras]
resolution = 32, 32
type = linear
cameras_num = 12
y = 12.7441, 13.5759, 13.0138, 12.7244, 24.6183, 25.7295, 24.6879, 26.9589, 39.8183, 36.9172, 38.9586, 37.6445
x = 10.068, 20.4256, 29.571, 39.5871, 9.52022, 20.3326, 30.2782, 40.37, 10.4786, 20.2992, 29.9615, 40.2805
z = 0.0591372, 0.319961, 0.0716766, 0.472334, 0.260924, 0.207331, 0.132278, 0.387117, 0.228075, 0.284217, 0.0093949, 0.308818

[sun]
angle_phi = 0
angle_theta = -0.785398163397
intensities = 255, 236, 224
wavelengths = 0.672, 0.558, 0.446