[atmosphere]
dx = 10.0
dy = 10.0
nx = 5
ny = 5
nz = 5
z_coords = 0, 2, 4, 6, 8

[distributions]
air_dist_path = ./air_dist.mat
aerosols_dist_path = ./aerosols_dist.mat

[particle]
name = spherical_nonabsorbing_2.80
phase = HG

[cameras]
resolution = 32, 32
type = linear
cameras_num = 12
y = 12.9881, 14.6519, 13.5276, 12.9488, 24.2365, 26.4589, 24.3759, 28.9177, 42.1366, 36.3344, 40.4173, 37.7889
x = 10.6804, 24.256, 25.7104, 35.8713, 5.20218, 23.3262, 32.7816, 43.7001, 14.7862, 22.9916, 29.6148, 42.8053
z = 0.118274, 0.639921, 0.143353, 0.944669, 0.521848, 0.414662, 0.264556, 0.774234, 0.45615, 0.568434, 0.0187898, 0.617635

[sun]
angle_phi = 0
angle_theta = 0.785398163397
intensities = 255, 236, 224
wavelengths = 0.672, 0.558, 0.446