[atmosphere]
dx = 5.0
dy = 5.0
nx = 10
ny = 10
nz = 10
z_coords = 0, 1, 2, 3, 4, 5, 6, 7, 8, 9

[distributions]
air_dist_path = ./air_dist.mat
aerosols_dist_path = ./aerosols_dist.mat

[particle]
name = spherical_nonabsorbing_2.80
phase = HG

[cameras]
resolution = 32, 32
type = linear
cameras_num = 12
y = 13.4763, 16.8038, 14.5553, 13.3977, 23.4731, 27.9179, 23.7517, 32.8355, 46.7733, 35.1688, 43.3345, 38.0779
x = 11.3609, 28.5119, 21.4207, 31.7426, 0.404368, 26.6524, 35.5631, 47.4002, 19.5724, 25.9832, 29.2296, 45.6106
z = 1.18274, 6.39921, 1.43353, 9.44669, 5.21848, 4.14662, 2.64556, 7.74234, 4.5615, 5.68434, 0.187898, 6.17635

[sun]
angle_phi = 0
angle_theta = -0.785398163397
intensities = 255, 236, 224
wavelengths = 0.672, 0.558, 0.446